0 0.43125 0.2604166666666667 0.45 0.2625 0.4515625 0.2625 0.45625 0.26875 0.4578125 0.2708333333333333 0.4578125 0.28125 0.4578125 0.2833333333333333 0.446875 0.29375 0.4453125 0.29583333333333334 0.4359375 0.29583333333333334 0.434375 0.29583333333333334 0.428125 0.2916666666666667 0.4265625 0.2916666666666667 0.4234375 0.2875 0.421875 0.28541666666666665 0.4203125 0.275 0.4203125 0.27291666666666664 0.4234375 0.26666666666666666 0.425 0.26458333333333334 0.43125 0.2604166666666667
0 0.48125 0.22083333333333333 0.496875 0.22291666666666668 0.4984375 0.22291666666666668 0.5046875 0.22916666666666666 0.50625 0.23125 0.50625 0.24166666666666667 0.50625 0.24375 0.5015625 0.25 0.5 0.2520833333333333 0.496875 0.2520833333333333 0.4953125 0.25416666666666665 0.484375 0.25416666666666665 0.4828125 0.25416666666666665 0.4765625 0.25 0.475 0.25 0.471875 0.24375 0.4703125 0.24166666666666667 0.4703125 0.23333333333333334 0.4703125 0.23125 0.471875 0.22916666666666666 0.471875 0.22708333333333333 0.48125 0.22083333333333333
0 0.409 0.3612083333333333 0.4136875 0.3612083333333333 0.41525 0.3632916666666667 0.41525 0.371625 0.41525 0.3737083333333333 0.41212499999999996 0.37995833333333334 0.41212499999999996 0.38204166666666667 0.4011875 0.396625 0.399625 0.39870833333333333 0.39025 0.40079166666666666 0.38868749999999996 0.40079166666666666 0.387125 0.39037499999999997 0.387125 0.38829166666666665 0.39025 0.38204166666666667 0.39025 0.37995833333333334 0.409 0.3612083333333333
2 0.365625 0.8708333333333333 0.375 0.8708333333333333 0.3765625 0.8708333333333333 0.3828125 0.875 0.384375 0.875 0.3921875 0.8875 0.39375 0.8895833333333333 0.3953125 0.90625 0.3953125 0.9083333333333333 0.3890625 0.9229166666666667 0.3890625 0.925 0.38125 0.9333333333333333 0.3796875 0.9354166666666667 0.375 0.9375 0.3734375 0.9395833333333333 0.3578125 0.9395833333333333 0.35625 0.9395833333333333 0.34375 0.9270833333333334 0.3421875 0.925 0.340625 0.9041666666666667 0.340625 0.9020833333333333 0.35 0.88125 0.3515625 0.8791666666666667 0.365625 0.8708333333333333
2 0.421875 0.8270833333333333 0.4390625 0.8291666666666667 0.440625 0.8291666666666667 0.446875 0.8354166666666667 0.4484375 0.8375 0.4515625 0.8479166666666667 0.453125 0.85 0.453125 0.8604166666666667 0.453125 0.8625 0.446875 0.8770833333333333 0.446875 0.8791666666666667 0.440625 0.8854166666666666 0.4390625 0.8875 0.4328125 0.8895833333333333 0.43125 0.8916666666666667 0.41875 0.8916666666666667 0.4171875 0.8916666666666667 0.4125 0.8875 0.4109375 0.8875 0.4046875 0.8791666666666667 0.403125 0.8770833333333333 0.4015625 0.86875 0.4 0.8666666666666667 0.4 0.8583333333333333 0.4 0.85625 0.4046875 0.84375 0.4046875 0.8416666666666667 0.421875 0.8270833333333333
2 0.49375 0.7791666666666667 0.5078125 0.78125 0.509375 0.78125 0.51875 0.7916666666666666 0.5203125 0.79375 0.521875 0.8020833333333334 0.5234375 0.8041666666666667 0.5234375 0.8145833333333333 0.5234375 0.8166666666666667 0.5171875 0.8291666666666667 0.5171875 0.83125 0.509375 0.8375 0.5078125 0.8395833333333333 0.503125 0.8395833333333333 0.5015625 0.8416666666666667 0.4859375 0.8375 0.484375 0.8375 0.4765625 0.8270833333333333 0.475 0.825 0.4734375 0.8166666666666667 0.471875 0.8145833333333333 0.4734375 0.8020833333333334 0.4734375 0.8 0.478125 0.7916666666666666 0.478125 0.7895833333333333 0.49375 0.7791666666666667
2 0.5515625 0.7958333333333333 0.5671875 0.7958333333333333 0.56875 0.7958333333333333 0.5828125 0.8104166666666667 0.584375 0.8125 0.5859375 0.81875 0.5875 0.8208333333333333 0.5875 0.8354166666666667 0.5875 0.8375 0.5828125 0.8479166666666667 0.5828125 0.85 0.578125 0.8541666666666666 0.5765625 0.85625 0.5609375 0.8604166666666667 0.559375 0.8604166666666667 0.5484375 0.8520833333333333 0.546875 0.8520833333333333 0.5421875 0.84375 0.540625 0.8416666666666667 0.5359375 0.8229166666666666 0.5359375 0.8208333333333333 0.540625 0.8083333333333333 0.540625 0.80625 0.5515625 0.7958333333333333
2 0.515625 0.8479166666666667 0.5234375 0.8479166666666667 0.525 0.8479166666666667 0.534375 0.8541666666666666 0.5359375 0.8541666666666666 0.5453125 0.8708333333333333 0.546875 0.8729166666666667 0.546875 0.89375 0.546875 0.8958333333333334 0.54375 0.9020833333333333 0.54375 0.9041666666666667 0.53125 0.9166666666666666 0.5296875 0.91875 0.5125 0.9166666666666666 0.5109375 0.9166666666666666 0.503125 0.9083333333333333 0.5015625 0.90625 0.496875 0.8916666666666667 0.4953125 0.8895833333333333 0.496875 0.86875 0.496875 0.8666666666666667 0.5015625 0.8583333333333333 0.503125 0.85625 0.515625 0.8479166666666667
2 0.41875 0.9479166666666666 0.4265625 0.95 0.428125 0.95 0.440625 0.9625 0.4421875 0.9645833333333333 0.446875 0.9916666666666667 0.446875 0.99375 0.4453125 0.9958333333333333 0.44375 0.9979166666666667 0.3921875 0.9979166666666667 0.390625 0.9979166666666667 0.3890625 0.9833333333333333 0.3890625 0.98125 0.39375 0.96875 0.39375 0.9666666666666667 0.4 0.9583333333333334 0.4015625 0.95625 0.41875 0.9479166666666666
2 0.553125 0.9166666666666666 0.5609375 0.9166666666666666 0.5625 0.9166666666666666 0.5703125 0.9208333333333333 0.571875 0.9208333333333333 0.58125 0.9333333333333333 0.5828125 0.9354166666666667 0.584375 0.94375 0.5859375 0.9458333333333333 0.5859375 0.9666666666666667 0.5859375 0.96875 0.5828125 0.975 0.5828125 0.9770833333333333 0.5796875 0.9833333333333333 0.578125 0.9854166666666667 0.5671875 0.9916666666666667 0.565625 0.99375 0.55625 0.99375 0.5546875 0.99375 0.5484375 0.9895833333333334 0.546875 0.9895833333333334 0.540625 0.98125 0.5390625 0.98125 0.534375 0.9666666666666667 0.5328125 0.9645833333333333 0.534375 0.9375 0.534375 0.9354166666666667 0.5390625 0.9270833333333334 0.540625 0.925 0.553125 0.9166666666666666
2 0.6015625 0.8645833333333334 0.6125 0.8645833333333334 0.6140625 0.8645833333333334 0.621875 0.86875 0.6234375 0.86875 0.6328125 0.88125 0.634375 0.8833333333333333 0.6359375 0.8895833333333333 0.6375 0.8916666666666667 0.6375 0.9125 0.6375 0.9145833333333333 0.634375 0.9208333333333333 0.634375 0.9229166666666667 0.625 0.93125 0.6234375 0.9333333333333333 0.6140625 0.9354166666666667 0.6125 0.9354166666666667 0.603125 0.93125 0.6015625 0.93125 0.59375 0.9229166666666667 0.5921875 0.9208333333333333 0.5890625 0.9125 0.5875 0.9104166666666667 0.5859375 0.8875 0.5859375 0.8854166666666666 0.590625 0.875 0.590625 0.8729166666666667 0.6015625 0.8645833333333334
